0.00635479688644 0.10466140151 0.0481392729282 0.00411618590355 0.0021958398819 0.00303070545197 7.61153116107 0.0209732627869 0.00370179772377 0.00116383552551
0.0238329440872 0.250541911649 0.0568391505004 0.191033319242 0.00473354455364 0.0413042920173 4.18522199179 0.0292289477552 0.112192133259 0.00119192200589
0.0161031192204 0.0687263146886 0.165018849403 0.0222341624446 0.00353231070177 0.00605013835355 5.32357323395 0.0712187215217 0.00647155893674 0.00167881467807
0.109828430064 0.905066984541 0.0400697027936 0.52277510657 0.0073585895931 0.0946962412666 5.63971487214 0.0306214129224 0.122715574854 0.0501152820447
0.133834040248 0.765253897313 0.098455605807 0.142853395089 0.00922881306468 0.0866898573362 5.63940596747 0.0363803426703 0.251059913969 0.0100610622993
0.00635479688644 0.10466140151 0.0481392729282 0.00411618590355 0.0021958398819 0.00303070545197 7.61153116107 0.0209732627869 0.00370179772377 0.00116383552551
0.00635479688644 0.10466140151 0.0481392729282 0.00411618590355 0.0021958398819 0.00303070545197 7.61153116107 0.0209732627869 0.00370179772377 0.00116383552551
0.00635479688644 0.10466140151 0.0481392729282 0.00411618590355 0.0021958398819 0.00303070545197 7.61153116107 0.0209732627869 0.00370179772377 0.00116383552551
0.00635479688644 0.10466140151 0.0481392729282 0.00411618590355 0.0021958398819 0.00303070545197 7.61153116107 0.0209732627869 0.00370179772377 0.00116383552551
0.00635479688644 0.10466140151 0.0481392729282 0.00411618590355 0.0021958398819 0.00303070545197 7.61153116107 0.0209732627869 0.00370179772377 0.00116383552551
0.00635479688644 0.00829620361328 0.0474216175079 0.170673190355 0.0021958398819 0.00303070545197 5.81966085434 0.0219811654091 0.00425367474556 0.00116383552551
0.00635479688644 0.00829620361328 0.0474216175079 0.170673190355 0.0021958398819 0.00303070545197 5.81966085434 0.0219811654091 0.00425367474556 0.00116383552551
0.00635479688644 0.122797204256 0.0369520711899 0.00363909006119 0.0021958398819 0.00303070545197 13.6815019143 0.0184064507484 0.00327521204948 0.00116383552551
0.00635479688644 0.10466140151 0.0652930092812 0.00363909006119 0.0021958398819 0.00303070545197 7.61153116107 6.13535119295 0.00327521204948 0.00116383552551
0.00635479688644 0.10466140151 0.0481392729282 0.00411618590355 0.0021958398819 0.00303070545197 7.61153116107 0.0209732627869 0.00370179772377 0.00116383552551
0.00635479688644 0.10466140151 0.0481392729282 0.00411618590355 0.0021958398819 0.00303070545197 7.61153116107 6.13535119295 0.00327521204948 0.00116383552551
